,level_0,index,Unnamed: 0,Name,TypeObject,OperatingCompany,IsNetObject,TypeService,Address,District,AdmArea,Longitude_WGS84,Latitude_WGS84,Xs,Ys
0,7,86,86,Мосцветторг,Магазин «Цветы»,Мосцветторг,да,реализация непродовольственных товаров,"город Москва, улица Гарибальди, дом 30А",Обручевский район,Юго-Западный административный округ,37.55159372448871,55.66940152634629,1904330.672936512,6402436.935872153
1,9,92,92,Цветы Мира,Магазин «Цветы»,Цветы мира,да,реализация непродовольственных товаров,"город Москва, Ленинский проспект, дом 99",Обручевский район,Юго-Западный административный округ,37.518951193190865,55.66875073300995,1902365.2923942315,6401685.0065473085
2,11,164,164,Мосцветторг,Магазин «Цветы»,Мосцветторг,да,реализация непродовольственных товаров,"город Москва, улица Красного Маяка, дом 2",район Чертаново Центральное,Южный административный округ,37.601785787455796,55.611864077167276,1909521.412579274,6397283.572146293
3,18,293,293,Цветочный ряд,Магазин «Цветы»,Цветочный ряд,да,реализация непродовольственных товаров,"город Москва, Абельмановская улица, дом 3",Таганский район,Центральный административный округ,37.67284479008379,55.73762860411329,1909180.5013526368,6412331.75594745
4,28,481,481,Росцветторг,Магазин «Цветы»,Росцветторг,да,реализация непродовольственных товаров,"город Москва, Ангарская улица, дом 37/18",Дмитровский район,Северный административный округ,37.523609224109826,55.87898555718462,1894876.7154241009,6424448.045547145
5,32,510,510,Магазин «Цветочный ряд»,Магазин «Цветы»,Цветочный ряд,да,реализация непродовольственных товаров,"город Москва, проспект Андропова, дом 28",район Нагатино-Садовники,Южный административный округ,37.662628386825034,55.679984020740875,1910702.8206619755,6405904.308264219
6,38,591,591,Цветы мира,Магазин «Цветы»,Цветы мира,да,реализация непродовольственных товаров,"город Москва, улица Ивана Бабушкина, дом 13, корпус 1",Академический район,Юго-Западный административный округ,37.56225133593307,55.68568960009793,1904377.4619437943,6404415.9775442565
7,47,801,801,ЦВЕТЫ МИРА,Магазин «Цветы»,Цветы мира,да,реализация непродовольственных товаров,"город Москва, улица Маршала Бирюзова, дом 22, корпус 1",район Щукино,Северо-Западный административный округ,37.48955312148674,55.79599691493019,1895878.3164964875,6414793.33832071
8,53,933,933,Много цветов,Магазин «Цветы»,Много цветов,да,реализация непродовольственных товаров,"город Москва, Бутырская улица, дом 9, корпус 2",Савёловский район,Северный административный округ,37.58304880944337,55.795196053315614,1901585.9123316675,6416655.7935284525
9,62,1054,1054,Цветы Мира,Магазин «Цветы»,Цветы мира,да,реализация непродовольственных товаров,"город Москва, проспект Вернадского, дом 11/19",Ломоносовский район,Юго-Западный административный округ,37.52916678031804,55.68886806281347,1902244.6543573625,6404067.585773261
10,68,1153,1153,Цветочный ряд,Магазин «Цветы»,Цветочный ряд,да,реализация непродовольственных товаров,"город Москва, 2-я Владимирская улица, дом 38/18",район Перово,Восточный административный округ,37.784254332084934,55.75041794530924,1915474.9018694027,6416054.571026644
11,71,1196,1196,Ирис,Магазин «Цветы»,Ирис,да,реализация непродовольственных товаров,"город Москва, Волгоградский проспект, дом 1, строение 1",Таганский район,Центральный административный округ,37.67177630586279,55.73304208381688,1909286.199094205,6411815.028248698
12,84,1502,1502,Росцветторг,Магазин «Цветы»,Росцветторг,да,реализация непродовольственных товаров,"город Москва, улица Грекова, дом 10",район Северное Медведково,Северо-Восточный административный округ,37.66252447214249,55.888605956385355,1902933.362325214,6428383.648902859
13,98,1706,1706,Цветочный ряд,Магазин «Цветы»,Цветочный ряд,да,реализация непродовольственных товаров,"город Москва, Большая Дорогомиловская улица, дом 7",район Дорогомилово,Западный административный округ,37.55729228407733,55.74608591906989,1901840.270818321,6410823.954702782
14,101,1735,1735,Росцветторг,Магазин «Цветы»,Росцветторг,да,реализация непродовольственных товаров,"город Москва, Дубнинская улица, дом 10, корпус 1",район Восточное Дегунино,Северный административный округ,37.56786753760839,55.86197013592891,1898189.0569813938,6423535.9013164975
15,105,1810,1810,ЦВЕТОЧНЫЙ РЯД,Магазин «Цветы»,Цветочный ряд,да,реализация непродовольственных товаров,"город Москва, Енисейская улица, дом 19",Бабушкинский район,Северо-Восточный административный округ,37.662465660854075,55.86869861162386,1903671.2437781303,6426237.6406271225
16,112,1915,1915,Росцветторг,Магазин «Цветы»,Росцветторг,да,реализация непродовольственных товаров,"город Москва, 1-я Владимирская улица, дом 37/15",район Перово,Восточный административный округ,37.780209287245476,55.75042723130215,1915228.7792494185,6415970.237371087
17,116,2019,2019,Мосцветторг,Магазин «Цветы»,Мосцветторг,да,реализация непродовольственных товаров,"город Москва, улица Новый Арбат, дом 22",район Арбат,Центральный административный округ,37.58896393165232,55.75309717535841,1903506.2035178929,6412241.546088066
18,120,2108,2108,Магазин «Цветы Мира»,Магазин «Цветы»,Цветы мира,да,реализация непродовольственных товаров,"город Москва, Кастанаевская улица, дом 26",район Филёвский Парк,Западный административный округ,37.48938144116547,55.738145013288936,1898003.1822025096,6408551.876129276
19,126,2184,2184,Во имя розы,Магазин «Цветы»,Во имя розы,да,реализация непродовольственных товаров,"город Москва, Мясницкая улица, дом 22, строение 1",Басманный район,Центральный административный округ,37.634330041995355,55.76201990906814,1905932.3988029375,6414152.764714045
20,138,2389,2389,Цветы мира,Магазин «Цветы»,Цветы мира,да,реализация непродовольственных товаров,"город Москва, улица Зои и Александра Космодемьянских, дом 7, корпус 1",Войковский район,Северный административный округ,37.508625,55.820708999999994,1896123.382951445,6417854.347644509
21,139,2398,2398,Магазин цветов «МНОГО ЦВЕТОВ»,Магазин «Цветы»,Много цветов,да,реализация непродовольственных товаров,"город Москва, улица Космонавтов, дом 12",поселение Щербинка,Новомосковский административный округ,37.535435212447645,55.515162731801595,1909041.414793975,6385464.093591915
22,141,2437,2437,Ирис,Магазин «Цветы»,Ирис,да,реализация непродовольственных товаров,"город Москва, улица Красная Пресня, дом 8",Пресненский район,Центральный административный округ,37.573975123075115,55.76155654907675,1902281.553515832,6412840.169127331
23,144,2510,2510,Мосцветторг,Магазин «Цветы»,Мосцветторг,да,реализация непродовольственных товаров,"город Москва, Краснопрудная улица, дом 1",Красносельский район,Центральный административный округ,37.65912535654784,55.77692243529456,1906884.727711632,6416278.508476768
24,146,2518,2518,Цветы,Магазин «Цветы»,Цветы столицы,да,реализация непродовольственных товаров,"город Москва, Краснопрудная улица, дом 22-24",Красносельский район,Центральный административный округ,37.665448,55.778845,1907197.2021460838,6416618.2830608925
25,147,2527,2527,Мосцветторг,Магазин «Цветы»,Мосцветторг,да,реализация непродовольственных товаров,"город Москва, Нижняя Красносельская улица, дом 45/17",Басманный район,Центральный административный округ,37.67630179028773,55.77289618353598,1908077.866733525,6416204.942256563
26,150,2574,2574,Много цветов,Магазин «Цветы»,Много цветов,да,реализация непродовольственных товаров,"город Москва, Гоголевский бульвар, дом 3",район Хамовники,Центральный административный округ,37.60060298410908,55.744877523968896,1904518.64776944,6411598.95599236
27,159,2675,2675,Цветы Мира,Магазин «Цветы»,Цветы мира,да,реализация непродовольственных товаров,"город Москва, улица Куусинена, дом 11, корпус 1",Хорошёвский район,Северный административный округ,37.5139779912507,55.782720874580704,1897852.4513997282,6413870.319813054
28,166,2748,2748,Мосцветторг,Магазин «Цветы»,Мосцветторг,да,реализация непродовольственных товаров,"город Москва, Ленинградский проспект, дом 62",район Аэропорт,Северный административный округ,37.532189749343,55.801134416046104,1898277.7477904,6416234.828252877
29,167,2771,2771,Просто цветы,Магазин «Цветы»,Просто цветы,да,реализация непродовольственных товаров,"город Москва, Ленинградский проспект, дом 74, корпус 1",район Аэропорт,Северный административный округ,37.516568285808255,55.80520325834001,1897178.753165732,6416348.078036525
30,168,2776,2776,Мосцветторг,Магазин «Цветы»,Мосцветторг,да,реализация непродовольственных товаров,"город Москва, Ленинградский проспект, дом 75, корпус 1",район Сокол,Северный административный округ,37.51231076860725,55.80494026575512,1896929.968311495,6416231.086669004
31,169,2783,2783,Цветы Столицы,Магазин «Цветы»,Цветы столицы,да,реализация непродовольственных товаров,"город Москва, Ленинградский проспект, дом 77, корпус 1",район Сокол,Северный административный округ,37.509193880868494,55.80491495036969,1896741.6507854608,6416163.476675174
32,178,2988,2988,Цветы Мира,Магазин «Цветы»,Цветы мира,да,реализация непродовольственных товаров,"город Москва, Ленинский проспект, дом 89/2",Ломоносовский район,Юго-Западный административный округ,37.53277411219415,55.6779003655345,1902869.690425579,6402960.222489247
33,182,3122,3122,Цветы Мира,Магазин «Цветы»,Цветы мира,да,реализация непродовольственных товаров,"город Москва, Люсиновская улица, дом 4",район Замоскворечье,Центральный административный округ,37.62237648180259,55.727414661566804,1906490.8430815728,6410172.459593465
34,198,3313,3313,Много цветов,Магазин «Цветы»,Много цветов,да,реализация непродовольственных товаров,"город Москва, проспект Мира, дом 38",Мещанский район,Центральный административный округ,37.633712744562004,55.779619629318105,1905240.9250308909,6416036.647703922
35,206,3462,3462,МНОГО ЦВЕТОВ,Магазин «Цветы»,Много цветов,да,реализация непродовольственных товаров,"город Москва, Мичуринский проспект, дом 38",район Раменки,Западный административный округ,37.494827,55.696387,1899875.3986863082,6404162.243912278
36,217,3645,3645,Во имя розы,Магазин «Цветы»,Во имя розы,да,реализация непродовольственных товаров,"город Москва, Неглинная улица, дом 16/2, строение 4",Мещанский район,Центральный административный округ,37.62049043031435,55.765103466725186,1904976.871287216,6414195.275936571
37,222,3701,3701,ЦВЕТЫ МИРА,Магазин «Цветы»,Цветы мира,да,реализация непродовольственных товаров,"город Москва, улица Маршала Новикова, дом 16",район Щукино,Северо-Западный административный округ,37.4608526047261,55.805524343654305,1893783.725286754,6415224.114279071
38,226,3764,3764,Мосцветторг,Магазин «Цветы»,Мосцветторг,да,реализация непродовольственных товаров,"город Москва, 1-я Новокузьминская улица, дом 23, корпус 1",Рязанский район,Юго-Восточный административный округ,37.79309023070622,55.71396710671733,1917375.6097947515,6412314.152500061
39,237,3942,3942,Цветы мира,Магазин «Цветы»,Цветы мира,да,реализация непродовольственных товаров,"город Москва, улица Островитянова, дом 30, корпус 1",район Тёплый Стан,Юго-Западный административный округ,37.5179311262186,55.6340568190277,1903583.9353163592,6397922.163636938
40,251,4121,4121,Мосцветторг,Магазин «Цветы»,Мосцветторг,да,реализация непродовольственных товаров,"город Москва, Первомайская улица, дом 74",район Восточное Измайлово,Восточный административный округ,37.80069755930144,55.79301511627875,1914878.9763477345,6420990.096208192
41,252,4130,4130,Цветочный ряд,Магазин «Цветы»,Цветочный ряд,да,реализация непродовольственных товаров,"город Москва, Первомайская улица, дом 81",район Измайлово,Восточный административный округ,37.80162919864949,55.79348030030446,1914918.088809974,6421059.859277807
42,262,4233,4233,Много цветов,Магазин «Цветы»,Много цветов,да,реализация непродовольственных товаров,"город Москва, Старый Петровско-Разумовский проезд, дом 15-17",Савёловский район,Северный административный округ,37.558525,55.799420999999995,1899940.248716991,6416599.2355762925
43,263,4237,4237,Росцветторг,Магазин «Цветы»,Росцветторг,да,реализация непродовольственных товаров,"город Москва, Петрозаводская улица, дом 11А",район Ховрино,Северный административный округ,37.49378709206288,55.86602148197785,1893548.794597836,6422430.589514952
44,264,4254,4254,Цветы мира,Магазин «Цветы»,Цветы мира,да,реализация непродовольственных товаров,"город Москва, Большая Пироговская улица, дом 53",район Хамовники,Центральный административный округ,37.56151133073629,55.727041674184974,1902801.8877912443,6408858.9282774525
45,265,4268,4268,Мосцветторг,Магазин «Цветы»,Мосцветторг,да,реализация непродовольственных товаров,"город Москва, Планерная улица, дом 12, корпус 1",район Северное Тушино,Северо-Западный административный округ,37.436636614528815,55.86212528939376,1890227.7515439384,6420824.5550348675
46,268,4284,4284,Росцветторг,Магазин «Цветы»,Росцветторг,да,реализация непродовольственных товаров,"город Москва, улица Плещеева, дом 8",район Бибирево,Северо-Восточный административный округ,37.60838823896128,55.88482943150751,1899795.637846672,6426844.872729777
47,273,4365,4365,Мосцветторг,Магазин «Цветы»,Мосцветторг,да,реализация непродовольственных товаров,"город Москва, Полярная улица, дом 1",район Южное Медведково,Северо-Восточный административный округ,37.63705448598619,55.87166194883702,1902021.5280729663,6426025.136618781
48,274,4382,4382,Мосцветторг,Магазин «Цветы»,Мосцветторг,да,реализация непродовольственных товаров,"город Москва, Полярная улица, дом 16, корпус 1",район Южное Медведково,Северо-Восточный административный округ,37.63731460433515,55.87660563458546,1901853.3806796456,6426563.248027273
49,281,4455,4455,Цветочная база «Мосцветторг»,Магазин «Цветы»,Мосцветторг,да,реализация непродовольственных товаров,"город Москва, Пролетарский проспект, дом 33, корпус 1",район Царицыно,Южный административный округ,37.65918328345598,55.63413161179302,1912196.9129560075,6400889.26016843
50,290,4663,4663,Цветы Мира,Магазин «Цветы»,Цветы мира,да,реализация непродовольственных товаров,"город Москва, площадь Рогожская Застава, дом 2/1, строение 1",Таганский район,Центральный административный округ,37.67559423079236,55.73048804885067,1909613.417090998,6411619.943200205
51,295,4763,4763,Цветы столицы,Магазин «Цветы»,Цветы столицы,да,реализация непродовольственных товаров,"город Москва, Рязанский проспект, дом 71, корпус 1",Рязанский район,Юго-Восточный административный округ,37.788326626891696,55.71851414791154,1916915.8156629547,6412703.443482608
52,297,4773,4773,Ирис,Магазин «Цветы»,Ирис,да,реализация непродовольственных товаров,"город Москва, Садовая-Кудринская улица, дом 8-10-12, строение 1",Пресненский район,Центральный административный округ,37.586634000000004,55.761102,1903067.8046029531,6413055.711010233
53,300,4780,4780,Цветочный ряд,Магазин «Цветы»,Цветочный ряд,да,реализация непродовольственных товаров,"город Москва, Садовая-Спасская улица, дом 21/1",Красносельский район,Центральный административный округ,37.64920100690065,55.769432563454885,1906560.441974631,6415263.2808344085
54,306,4849,4849,Просто цветы,Магазин «Цветы»,Просто цветы,да,реализация непродовольственных товаров,"город Москва, Северный бульвар, дом 2",район Отрадное,Северо-Восточный административный округ,37.60724219266982,55.864905946805955,1900466.36522758,6424674.028336811
55,317,5012,5012,Цветы мира,Магазин «Цветы»,Цветы мира,да,реализация непродовольственных товаров,"город Москва, Снежная улица, дом 21/1",район Свиблово,Северо-Восточный административный округ,37.650823402518796,55.854859331585466,1903481.01809646,6424502.785712007
56,323,5158,5158,Ирис,Магазин «Цветы»,Ирис,да,реализация непродовольственных товаров,"город Москва, улица Стромынка, дом 25, строение 1",район Сокольники,Восточный административный округ,37.70058748070559,55.7957610064913,1908700.640246372,6419178.55130155
57,331,5264,5264,Цветочный ряд,Магазин «Цветы»,Цветочный ряд,да,реализация непродовольственных товаров,"город Москва, Сходненская улица, дом 37",район Южное Тушино,Северо-Западный административный округ,37.439000784104316,55.849434045502434,1890838.8354711344,6419505.186000497
58,364,5708,5708,Цветочный ряд,Магазин «Цветы»,Цветочный ряд,да,реализация непродовольственных товаров,"город Москва, Осенний бульвар, дом 5, корпус 1",район Крылатское,Западный административный округ,37.40712467886403,55.75681477840032,1892311.962211676,6408856.401794941
59,374,5918,5918,Цветочный ряд,Магазин «Цветы»,Цветочный ряд,да,реализация непродовольственных товаров,"город Москва, улица Хачатуряна, дом 20",район Отрадное,Северо-Восточный административный округ,37.60444462148483,55.86196698532417,1900405.9915826928,6424298.888138353
60,375,5933,5933,МНОГО ЦВЕТОВ,Магазин «Цветы»,Много цветов,да,реализация непродовольственных товаров,"город Москва, Химкинский бульвар, дом 16, корпус 1",район Северное Тушино,Северо-Западный административный округ,37.44299834877765,55.85198139234279,1890987.4167024759,6419862.725213374
61,376,5934,5934,МОСЦВЕТТОРГ,Магазин «Цветы»,Мосцветторг,да,реализация непродовольственных товаров,"город Москва, Химкинский бульвар, дом 16, корпус 1",район Северное Тушино,Северо-Западный административный округ,37.44299834877765,55.85198139234279,1890987.4167024759,6419862.725213374
62,382,5983,5983,Много Цветов,Магазин «Цветы»,Много цветов,да,реализация непродовольственных товаров,"город Москва, Хорошёвское шоссе, дом 84, корпус 1",Хорошёвский район,Северный административный округ,37.520401687392685,55.777925930540114,1898419.981265717,6413487.1734411735
63,383,5994,5994,Просто Цветы,Магазин «Цветы»,Просто цветы,да,реализация непродовольственных товаров,"город Москва, Хорошёвское шоссе, дом 88",Хорошёвский район,Северный административный округ,37.51623918579768,55.77778326894668,1898172.3265760625,6413385.0780722285
64,399,6308,6308,Росцветторг,Магазин «Цветы»,Росцветторг,да,реализация непродовольственных товаров,"город Москва, Широкая улица, дом 11",район Северное Медведково,Северо-Восточный административный округ,37.66091700044151,55.888181564399936,1902851.8419841009,6428304.278247785
65,403,6325,6325,Мосцветторг,Магазин «Цветы»,Мосцветторг,да,реализация непродовольственных товаров,"город Москва, проезд Шокальского, дом 2",район Южное Медведково,Северо-Восточный административный округ,37.647817725599886,55.87222214846872,1902652.708837557,6426310.65947972
66,437,6871,6871,Цветы мира,Магазин «Цветы»,Цветы мира,да,реализация непродовольственных товаров,"город Москва, Митинская улица, дом 52",район Митино,Северо-Западный административный округ,37.35419020793173,55.85293447791257,1885565.3607533847,6418127.882678148
67,443,6939,6939,Цветы мира,Магазин «Цветы»,Цветы мира,да,реализация непродовольственных товаров,"город Москва, Венёвская улица, дом 1",район Южное Бутово,Юго-Западный административный округ,37.544607838859385,55.54889835712179,1908357.3031432591,6389295.108531318
68,444,6954,6954,Много цветов,Магазин «Цветы»,Много цветов,да,реализация непродовольственных товаров,"город Москва, Таллинская улица, дом 26",район Строгино,Северо-Западный административный округ,37.40750219869477,55.79980594078322,1890753.9742305344,6413500.823409236
69,448,7046,7046,Росцветторг,Магазин «Цветы»,Росцветторг,да,реализация непродовольственных товаров,"город Москва, Шереметьевская улица, дом 27",район Марьина Роща,Северо-Восточный административный округ,37.61483249694471,55.80301314585778,1903225.4770585382,6418162.684797651
70,452,7066,7066,ЦВЕТЫ МИРА,Магазин «Цветы»,Цветы мира,да,реализация непродовольственных товаров,"город Москва, Енисейская улица, дом 5",Бабушкинский район,Северо-Восточный административный округ,37.65958440518536,55.85890465279376,1903861.3681838776,6425122.082944362
71,454,7092,7092,Мосцветторг,Магазин «Цветы»,Мосцветторг,да,реализация непродовольственных товаров,"город Москва, Сокольническая площадь, дом 4, корпус 1-2",район Сокольники,Восточный административный округ,37.676725629535476,55.78994487959962,1907468.8074591719,6418050.968850425
72,458,7144,7144,Цветы мира,Магазин «Цветы»,Цветы мира,да,реализация непродовольственных товаров,"город Москва, Люблинская улица, дом 171",район Марьино,Юго-Восточный административный округ,37.74671028892313,55.6472306102658,1917045.0983044824,6404144.178703749
73,462,7247,7247,Цветочный ряд,Магазин «Цветы»,Цветочный ряд,да,реализация непродовольственных товаров,"город Москва, Братиславская улица, дом 14",район Марьино,Юго-Восточный административный округ,37.7559075674351,55.65896009060589,1917167.800109901,6405602.2676447835
74,467,7389,7389,Росцветторг,Магазин «Цветы»,Росцветторг,да,реализация непродовольственных товаров,"город Москва, Ломоносовский проспект, дом 23",Гагаринский район,Юго-Западный административный округ,37.536037420142506,55.691417123140624,1902568.9444309368,6404485.880382618
75,476,7571,7571,Цветы мира,Магазин «Цветы»,Цветы мира,да,реализация непродовольственных товаров,"город Москва, Южнобутовская улица, дом 61",район Южное Бутово,Юго-Западный административный округ,37.5301,55.536112,1907941.953403789,6387612.252811621
76,480,7636,7636,Магазин «Цветы Мира»,Магазин «Цветы»,Цветы мира,да,реализация непродовольственных товаров,"город Москва, улица Барклая, дом 7, корпус 1",район Филёвский Парк,Западный административный округ,37.50069797118997,55.740731051766424,1898596.1563117641,6409066.3721569525
77,486,7723,7723,РОСЦВЕТТОРГ,Магазин «Цветы»,Росцветторг,да,реализация непродовольственных товаров,"город Москва, улица Героев Панфиловцев, дом 1",район Северное Тушино,Северо-Западный административный округ,37.43786490818604,55.853289335498715,1890627.864943976,6419897.320884981
78,489,7806,7806,Росцветторг,Магазин «Цветы»,Росцветторг,да,реализация непродовольственных товаров,"город Москва, Петрозаводская улица, дом 12, корпус 1",район Ховрино,Северный административный округ,37.50212408966039,55.864273283265284,1894118.779746261,6422415.4068300435
79,508,8133,8133,Цветы мира,Магазин «Цветы»,Цветы мира,да,реализация непродовольственных товаров,"город Москва, улица Яблочкова, дом 16",Бутырский район,Северо-Восточный административный округ,37.5814447094422,55.81996218331894,1900570.1521090856,6419291.673415463
80,522,8321,8321,Цветы Мира,Магазин «Цветы»,Цветы мира,да,реализация непродовольственных товаров,"город Москва, улица Лескова, дом 26А",район Бибирево,Северо-Восточный административный округ,37.613055279504316,55.89449498937614,1899719.0761657408,6427983.827371263
81,529,8556,8556,Цветы мира,Магазин «Цветы»,Цветы мира,да,реализация непродовольственных товаров,"город Москва, Наличная улица, дом 3",район Лефортово,Юго-Восточный административный округ,37.70416485419983,55.76473003715323,1910074.6507994856,6415910.138124406
82,541,8759,8759,Цветы Мира,Магазин «Цветы»,Цветы мира,да,реализация непродовольственных товаров,"город Москва, улица Удальцова, дом 65",район Проспект Вернадского,Западный административный округ,37.50024677142739,55.67908748023506,1900843.8543087228,6402409.585064561
83,549,8826,8826,Цветы мира,Магазин «Цветы»,Цветы мира,да,реализация непродовольственных товаров,"город Москва, улица Соловьиная Роща, дом 12/4",район Куркино,Северо-Западный административный округ,37.39909312410468,55.89445237330153,1886761.706095266,6423532.894156106
84,551,8868,8868,Цветы мира,Магазин «Цветы»,Цветы мира,да,реализация непродовольственных товаров,"город Москва, Пятницкое шоссе, дом 15, корпус 1",район Митино,Северо-Западный административный округ,37.38122123582446,55.842299970902936,1887596.0202581168,6417539.56072525
85,565,9102,9102,Цветы мира,Магазин «Цветы»,Цветы мира,да,реализация непродовольственных товаров,"город Москва, улица Новинки, дом 1",район Нагатинский Затон,Южный административный округ,37.666628892655,55.6774032936637,1911042.4163650416,6405710.174561477
86,567,9131,9131,Много Цветов,Магазин «Цветы»,Много цветов,да,реализация непродовольственных товаров,"город Москва, Производственная улица, дом 2",район Солнцево,Западный административный округ,37.38815798307465,55.65015144195189,1895074.4552240262,6396957.032686285
87,574,9220,9220,Много цветов,Магазин «Цветы»,Много цветов,да,реализация непродовольственных товаров,"город Москва, Нижегородская улица, дом 25",Таганский район,Центральный административный округ,37.693982928796956,55.73732403202305,1910477.056267056,6412742.9416791275
88,575,9221,9221,Цветы Мосцветторг,Магазин «Цветы»,Мосцветторг,да,реализация непродовольственных товаров,"город Москва, Большая Серпуховская улица, дом 30, строение 3",район Замоскворечье,Центральный административный округ,37.62482411476672,55.72528324982546,1906718.8633554461,6409993.995500582
89,606,9956,9956,Просто цветы,Магазин «Цветы»,Просто цветы,да,реализация непродовольственных товаров,"город Москва, улица Литвина-Седого, дом 13, строение 2",Пресненский район,Центральный административный округ,37.537492,55.761899,1900051.2916749418,6412115.544588123
90,607,9960,9960,Во имя розы,Магазин «Цветы»,Во имя розы,да,реализация непродовольственных товаров,"город Москва, Большая Никитская улица, дом 14/2, строение 7",Пресненский район,Центральный административный округ,37.60534624717723,55.75678227742514,1904365.3652070954,6412981.4225174
91,626,10370,10370,МОСЦВЕТТОРГ,Магазин «Цветы»,Мосцветторг,да,реализация непродовольственных товаров,"город Москва, улица Академика Бочвара, дом 2, корпус 2",район Щукино,Северо-Западный административный округ,37.461221225480315,55.80783042050035,1893721.0728463358,6415480.4219081625
92,629,10403,10403,Магазин «Во имя розы»,Магазин «Цветы»,Во имя розы,да,реализация непродовольственных товаров,"город Москва, Никольская улица, дом 11-13, строение 1",Тверской район,Центральный административный округ,37.621722999999996,55.756809,1905359.7719201928,6413327.087398081
93,630,10408,10408,Просто цветы,Магазин «Цветы»,Просто цветы,да,реализация непродовольственных товаров,"город Москва, Сущёвская улица, дом 19, строение 4",Тверской район,Центральный административный округ,37.60054726815163,55.78183035891554,1903144.376292421,6415580.879591108
94,633,10538,10538,Много цветов,Магазин «Цветы»,Много цветов,да,реализация непродовольственных товаров,"город Москва, Смольная улица, дом 35, строение 1",район Левобережный,Северный административный округ,37.481235,55.860822,1892979.9175892216,6421609.3236018475
95,637,10635,10635,Цветы Мосцветторг,Магазин «Цветы»,Мосцветторг,да,реализация непродовольственных товаров,"город Москва, Климентовский переулок, дом 12, строение 6",район Замоскворечье,Центральный административный округ,37.6272104491229,55.741520029521034,1906261.107180052,6411794.112647334
96,655,11396,11396,Мосцветторг,Магазин «Цветы»,Мосцветторг,да,реализация непродовольственных товаров,"город Москва, улица Константина Федина, дом 11",район Северное Измайлово,Восточный административный округ,37.801084033482496,55.80685953677752,1914383.9010747315,6422489.439484132
97,659,11498,11498,Просто Цветы,Магазин «Цветы»,Просто цветы,да,реализация непродовольственных товаров,"город Москва, Тверская улица, дом 18, корпус 1",Тверской район,Центральный административный округ,37.60486884764896,55.766023111665746,1903993.4673124116,6413967.48019888
98,660,11513,11513,Просто Цветы,Магазин «Цветы»,Просто цветы,да,реализация непродовольственных товаров,"город Москва, Пушкинская площадь, дом 2",Тверской район,Центральный административный округ,37.60751955643419,55.76623143849474,1904146.8112656688,6414045.390161738
99,664,11554,11554,Много цветов,Магазин «Цветы»,Много цветов,да,реализация непродовольственных товаров,"город Москва, Солнцевский проспект, дом 1",район Солнцево,Западный административный округ,37.39659662913025,55.651836296927115,1895527.4053013902,6397313.938344285
100,666,11567,11567,Просто цветы,Магазин «Цветы»,Просто цветы,да,реализация непродовольственных товаров,"город Москва, Пятницкий переулок, дом 8, строение 1",район Замоскворечье,Центральный административный округ,37.62977504137866,55.74287230223834,1906366.8214297232,6411993.596080578
101,669,11628,11628,Цветы мира,Магазин «Цветы»,Цветы мира,да,реализация непродовольственных товаров,"город Москва, улица Покрышкина, дом 5",район Тропарёво-Никулино,Западный административный округ,37.46920502370469,55.66439212008852,1899493.619364572,6400177.902946322
102,676,11717,11717,Мосцветторг,Магазин «Цветы»,Мосцветторг,да,реализация непродовольственных товаров,"город Москва, улица 10-летия Октября, дом 11",район Хамовники,Центральный административный округ,37.5636285923932,55.72526401455443,1902996.518265801,6408711.512205368
103,684,11985,11985,Цветы мира,Магазин «Цветы»,Цветы мира,да,реализация непродовольственных товаров,"город Москва, Вешняковская улица, дом 29",район Вешняки,Восточный административный округ,37.82793857223619,55.72405993080729,1919116.7724889629,6414137.91868259
104,723,12725,12725,Ирис,Магазин «Цветы»,Ирис,да,реализация непродовольственных товаров,"город Москва, улица Новый Арбат, дом 7, строение 1",район Арбат,Центральный административный округ,37.59757016777041,55.752531393076204,1904050.3731410275,6412360.540544737
105,724,12738,12738,МОСЦВЕТТОРГ,Магазин «Цветы»,Мосцветторг,да,реализация непродовольственных товаров,"город Москва, Кутузовский проспект, дом 36А",район Дорогомилово,Западный административный округ,37.52606227390316,55.73869471090486,1900214.2786888904,6409375.409843292
106,743,13205,13205,Мосцветторг,Магазин «Цветы»,Мосцветторг,да,реализация непродовольственных товаров,"город Москва, Кронштадтский бульвар, дом 7",Головинский район,Северный административный округ,37.486895392933064,55.84113297585368,1894050.309244217,6419604.322852872
107,748,13485,13485,Милабель,Магазин «Цветы»,Милабель,да,реализация непродовольственных товаров,"город Москва, Ходынский бульвар, дом 4",Хорошёвский район,Северный административный округ,37.52774800000001,55.790177767350436,1898413.2725086256,6414961.099945517
108,754,14066,14066,Росцветторг,Магазин «Цветы»,Росцветторг,да,реализация непродовольственных товаров,"город Москва, Алтуфьевское шоссе, дом 90",район Бибирево,Северо-Восточный административный округ,37.588329499351104,55.9001518725442,1898011.9622355946,6428077.333822516
109,759,14425,14425,Росцветторг,Магазин «Цветы»,Росцветторг,да,реализация непродовольственных товаров,"город Москва, проезд Дежнёва, владение 23Б",район Южное Медведково,Северо-Восточный административный округ,37.6375093685216,55.870430441922,1902094.8962196647,6425901.957388365
110,760,14433,14433,Росцветторг,Магазин «Цветы»,Росцветторг,да,реализация непродовольственных товаров,"город Москва, улица Пришвина, владение 23А",район Бибирево,Северо-Восточный административный округ,37.60550399850914,55.88477752944,1899622.8858129962,6426779.053766198
111,771,15244,15244,Просто цветы,Магазин «Цветы»,Просто цветы,да,реализация непродовольственных товаров,"город Москва, Широкая улица, дом 14, корпус 1",район Северное Медведково,Северо-Восточный административный округ,37.661290540561005,55.88715452252951,1902912.7119178616,6428201.44772081
112,773,15360,15360,Мосцветторг,Магазин «Цветы»,Мосцветторг,да,реализация непродовольственных товаров,"город Москва, Снежная улица, дом 26",район Свиблово,Северо-Восточный административный округ,37.65326722159299,55.85511922883936,1903619.4551574024,6424581.949656633
113,783,15720,15720,Мосцветторг,Магазин «Цветы»,Мосцветторг,да,реализация непродовольственных товаров,"город Москва, Семёновская площадь, дом 7, корпус 17",район Соколиная Гора,Восточный административный округ,37.721292,55.783605,1910410.906352848,6418303.8936315775
114,794,15987,15987,Цветочный ряд,Магазин «Цветы»,Цветочный ряд,да,реализация непродовольственных товаров,"город Москва, Свободный проспект, дом 33А, строение 4",район Новогиреево,Восточный административный округ,37.81850610384432,55.75217708822773,1917489.9899991285,6416967.266649785
115,796,16226,16226,Магазин «Просто цветы»,Магазин «Цветы»,Просто цветы,да,реализация непродовольственных товаров,"город Москва, Таганская улица, дом 2",Таганский район,Центральный административный округ,37.657657506383096,55.74078035596686,1908139.8484924112,6412352.6930584125
116,801,16687,16687,Просто Цветы,Магазин «Цветы»,Просто цветы,да,реализация непродовольственных товаров,"город Москва, Люблинская улица, дом 4, корпус 2",район Текстильщики,Юго-Восточный административный округ,37.729908058587945,55.70780612679138,1913762.3047262381,6410317.845798022
117,808,17108,17108,Мосцветторг,Магазин «Цветы»,Мосцветторг,да,реализация непродовольственных товаров,"город Москва, Братиславская улица, дом 16, корпус 2",район Марьино,Юго-Восточный административный округ,37.75740123044918,55.658498167732446,1917276.0385460984,6405584.010021664
118,811,17175,17175,Цветочный ряд,Магазин «Цветы»,Цветочный ряд,да,реализация непродовольственных товаров,"город Москва, Авиамоторная улица, дом 12",район Лефортово,Юго-Восточный административный округ,37.71555324012182,55.7532746041515,1911193.6948277862,6414915.209369592
119,815,17806,17806,Ирис,Магазин «Цветы»,Ирис,да,реализация непродовольственных товаров,"город Москва, улица Гарибальди, дом 1А",Ломоносовский район,Юго-Западный административный округ,37.53295358611661,55.6785055580128,1902858.2625117728,6403029.229571046
120,853,19815,19815,Во Имя Розы,Магазин «Цветы»,Во имя розы,да,реализация непродовольственных товаров,"город Москва, площадь Киевского Вокзала, дом 2",район Дорогомилово,Западный административный округ,37.565979606812064,55.744564619172145,1902424.8798478774,6410841.384355545
121,866,21173,21173,ПРОСТО ЦВЕТЫ,Магазин «Цветы»,Просто цветы,да,реализация непродовольственных товаров,"город Москва, улица Грузинский Вал, дом 23-25, строение 1",Тверской район,Центральный административный округ,37.57823871729426,55.773522416677615,1902097.2219180537,6414219.110968619
122,888,22627,22627,Магазин «Мосцветторг»,Магазин «Цветы»,Мосцветторг,да,реализация непродовольственных товаров,"город Москва, улица Ленинская Слобода, дом 19, строение 2",Даниловский район,Южный административный округ,37.65528161876893,55.70914728948145,1909171.4526282481,6408893.451357802
123,900,23094,23094,Магазин «Просто цветы»,Магазин «Цветы»,Просто цветы,да,реализация непродовольственных товаров,"город Москва, Пролетарский проспект, владение 23А",район Царицыно,Южный административный округ,37.655930090607036,55.63722075210058,1911883.771569954,6401153.909855547
124,906,23354,23354,Магазин «Росцветторг»,Магазин «Цветы»,Росцветторг,да,реализация непродовольственных товаров,"город Москва, Кантемировская улица, дом 47",район Царицыно,Южный административный округ,37.65629876663501,55.637805824927575,1911884.5176196082,6401224.728570235
125,913,23590,23590,Мосцветторг,Магазин «Цветы»,Мосцветторг,да,реализация непродовольственных товаров,"город Москва, Варшавское шоссе, дом 132, строение 9",район Чертаново Центральное,Южный административный округ,37.60915532830404,55.61931183039626,1909695.159072382,6398241.16915381
126,932,24658,24658,Магазин «Просто цветы»,Магазин «Цветы»,Просто цветы,да,реализация непродовольственных товаров,"город Москва, Солянский тупик, дом 1/4, строение 1-2",Таганский район,Центральный административный округ,37.636041999999996,55.753818,1906341.1889949432,6413304.647149095
127,936,24743,24743,Просто цветы,Магазин «Цветы»,Просто цветы,да,реализация непродовольственных товаров,"город Москва, Нижняя Радищевская улица, дом 5, строение 3",Таганский район,Центральный административный округ,37.653460513957285,55.74205115515114,1907837.4198715175,6412401.613998929
128,946,25049,25049,Мосцветторг,Магазин «Цветы»,Мосцветторг,да,реализация непродовольственных товаров,"город Москва, Садовая-Кудринская улица, дом 3А",Пресненский район,Центральный административный округ,37.58445552682147,55.76011080841892,1902972.141965955,6412903.3298193775
129,963,25488,25488,Просто цветы,Магазин «Цветы»,Просто цветы,да,реализация непродовольственных товаров,"город Москва, Верхняя Сыромятническая улица, дом 7, строение 10",Басманный район,Центральный административный округ,37.661618590370004,55.7549939499575,1907851.9770177968,6413967.622853783
130,993,26925,26925,Цветы мира,Магазин «Цветы»,Цветы мира,да,реализация непродовольственных товаров,"город Москва, проспект Вернадского, дом 109",район Тропарёво-Никулино,Западный административный округ,37.46,55.67,1898725.9073733229,6400591.132408452
131,1020,27760,27760,Цветы Мира,Магазин «Цветы»,Цветы мира,да,реализация непродовольственных товаров,"город Москва, бульвар Дмитрия Донского, дом 11",район Северное Бутово,Юго-Западный административный округ,37.576308560435976,55.566660140057536,1909638.7811457557,6391874.8262486365
132,1024,27773,27773,Просто цветы,Магазин «Цветы»,Просто цветы,да,реализация непродовольственных товаров,"город Москва, площадь Тверская Застава, дом 3",Тверской район,Центральный административный округ,37.582176534121416,55.7755591078238,1902260.9780451346,6414520.924039988
133,1025,27776,27776,Мосцветторг,Магазин «Цветы»,Мосцветторг,да,реализация непродовольственных товаров,"город Москва, улица Милашенкова, дом 7, корпус 1",Бутырский район,Северо-Восточный административный округ,37.585319068888204,55.82361240763849,1900669.8476079004,6419765.989443119
134,1037,28077,28077,Цветы,Магазин «Цветы»,Просто цветы,да,реализация непродовольственных товаров,"город Москва, улица Маши Порываевой, дом 34",Красносельский район,Центральный административный округ,37.648897999999996,55.77178000000001,1906454.747849305,6415509.913101055
135,1045,28154,28154,Цветочный ряд,Магазин «Цветы»,Цветочный ряд,да,реализация непродовольственных товаров,"город Москва, 3-я Парковая улица, дом 4",район Измайлово,Восточный административный округ,37.78468662821909,55.78900710486339,1914057.3478700037,6420220.666892984
136,1049,28196,28196,Мосцветторг,Магазин «Цветы»,Мосцветторг,да,реализация непродовольственных товаров,"город Москва, улица Хачатуряна, дом 20",район Отрадное,Северо-Восточный административный округ,37.60444462148483,55.86196698532417,1900405.9915826928,6424298.888138353
137,1062,28385,28385,Просто цветы,Магазин «Цветы»,Просто цветы,да,реализация непродовольственных товаров,"город Москва, Кронштадтский бульвар, дом 7",Головинский район,Северный административный округ,37.486895392933064,55.84113297585368,1894050.309244217,6419604.322852872
138,1063,28421,28421,Мосцветторг,Магазин «Цветы»,Мосцветторг,да,реализация непродовольственных товаров,"город Москва, улица Сущёвский Вал, дом 9, строение 7",район Марьина Роща,Северо-Восточный административный округ,37.593302646017506,55.792826522184676,1902296.4315306046,6416614.638484337
139,1064,28504,28504,Смешные цены,Магазин «Цветы»,Смешные цены,да,реализация непродовольственных товаров,"город Москва, Петрозаводская улица, дом 24Б",район Ховрино,Северный административный округ,37.49376205304629,55.86706803548814,1893508.604466096,6422542.886354684
140,1066,28586,28586,Просто Цветы,Магазин «Цветы»,Просто цветы,да,реализация непродовольственных товаров,"город Москва, проспект Андропова, дом 25А, строение 1",район Нагатинский Затон,Южный административный округ,37.664928051914075,55.6778195000129,1910923.3499176726,6405719.304687558
141,1075,28890,28890,Мосцветторг,Магазин «Цветы»,Мосцветторг,да,реализация непродовольственных товаров,"город Москва, Бауманская улица, дом 33/2, строение 8",Басманный район,Центральный административный округ,37.680119549396,55.77236522372718,1908329.5338146875,6416227.853652133
142,1078,28927,28927,Цветочный ряд,Магазин «Цветы»,Цветочный ряд,да,реализация непродовольственных товаров,"город Москва, Ленинградский проспект, дом 74, корпус 6",район Аэропорт,Северный административный округ,37.51683785597145,55.80637821281176,1897151.682411814,6416480.358211746
143,1083,28995,28995,Просто Цветы,Магазин «Цветы»,Просто цветы,да,реализация непродовольственных товаров,"город Москва, Сходненская улица, дом 37",район Южное Тушино,Северо-Западный административный округ,37.43892400884151,55.84969593261196,1890824.5273830711,6419531.8313895
144,1084,29005,29005,Цветы Столицы,Магазин «Цветы»,Цветы столицы,да,реализация непродовольственных товаров,"город Москва, шоссе Энтузиастов, дом 10/2",район Лефортово,Юго-Восточный административный округ,37.70330507074928,55.74850375947344,1910627.194952829,6414143.604165098
145,1092,29417,29417,Мосцветторг,Магазин «Цветы»,Мосцветторг,да,реализация непродовольственных товаров,"город Москва, Митинская улица, дом 36, корпус 2",район Митино,Северо-Западный административный округ,37.36190200394717,55.846736851478894,1886260.7855869737,6417618.75502023
146,1094,29486,29486,Магазин «Мосцветторг»,Магазин «Цветы»,Мосцветторг,да,реализация непродовольственных товаров,"город Москва, Балаклавский проспект, дом 5А",район Чертаново Северное,Южный административный округ,37.6082250155264,55.640528334336565,1908852.023112595,6400509.216848125
147,1104,29701,29701,Цветы мира,Магазин «Цветы»,Цветы мира,да,реализация непродовольственных товаров,"город Москва, Ленинский проспект, дом 70/11",Гагаринский район,Юго-Западный административный округ,37.54410766653897,55.68801032449232,1903186.4471285944,6404287.064936085
148,1105,29704,29704,Мосцветторг,Магазин «Цветы»,Мосцветторг,да,реализация непродовольственных товаров,"город Москва, Ленинский проспект, дом 156",район Тропарёво-Никулино,Западный административный округ,37.48549713244135,55.65176223007892,1900952.4622050938,6399155.102097978
149,1113,29849,29849,Цветы мира,Магазин «Цветы»,Цветы мира,да,реализация непродовольственных товаров,"город Москва, Свободный проспект, дом 20",район Новогиреево,Восточный административный округ,37.815982137807524,55.75105906573629,1917378.5432013029,6416793.506551308
150,1116,29970,29970,Мосцветторг,Магазин «Цветы»,Мосцветторг,да,реализация непродовольственных товаров,"город Москва, улица Большая Якиманка, дом 39",район Якиманка,Центральный административный округ,37.6132426575755,55.73376401449175,1905699.6135391903,6410665.56171236
151,1120,30019,30019,Много цветов,Магазин «Цветы»,Много цветов,да,реализация непродовольственных товаров,"город Москва, Марксистская улица, дом 14/16, строение 1",Таганский район,Центральный административный округ,37.658001972500976,55.739000374838106,1908226.9861273004,6412168.082432056
152,1122,30103,30103,Цветочный ряд,Магазин «Цветы»,Цветочный ряд,да,реализация непродовольственных товаров,"город Москва, Фрязевская улица, дом 1, строение 1",район Новогиреево,Восточный административный округ,37.817106516782204,55.744949103497575,1917675.7482896869,6416159.108110826
153,1123,30225,30225,Просто цветы,Магазин «Цветы»,Просто цветы,да,реализация непродовольственных товаров,"город Москва, Митинская улица, дом 40",район Митино,Северо-Западный административный округ,37.3600674123363,55.84786145154862,1886108.178440521,6417702.14310275
154,1125,30269,30269,Цветы,Магазин «Цветы»,Цветы столицы,да,реализация непродовольственных товаров,"город Москва, Коломенская улица, владение 27В",район Нагатинский Затон,Южный административный округ,37.689401507319495,55.676698050547905,1912455.619041689,6406112.850746147
155,1132,30394,30394,Цветочный ряд,Магазин «Цветы»,Цветочный ряд,да,реализация непродовольственных товаров,"город Москва, Свободный проспект, владение 16А, строение 2",район Новогиреево,Восточный административный округ,37.81701034042708,55.75353439085785,1917348.272182335,6417081.866547486
156,1133,30535,30535,Просто цветы,Магазин «Цветы»,Просто цветы,да,реализация непродовольственных товаров,"город Москва, Бауманская улица, дом 33/2, строение 1",Басманный район,Центральный административный округ,37.679419672954296,55.77276319485183,1908272.2030708438,6416256.048543315
157,1146,30663,30663,Много цветов,Магазин «Цветы»,Много цветов,да,реализация непродовольственных товаров,"город Москва, Большая Сухаревская площадь, дом 16/18, строение 1",Красносельский район,Центральный административный округ,37.63735351706735,55.771536891050225,1905762.456407735,6415241.80260196
158,1151,30714,30714,Цветочный ряд,Магазин «Цветы»,Цветочный ряд,да,реализация непродовольственных товаров,"город Москва, Ленинградский проспект, дом 75, корпус 1А",район Сокол,Северный административный округ,37.513530660651845,55.80462266268815,1897015.7778889618,6416222.242342968
159,1155,30812,30812,Цветочный ряд,Магазин «Цветы»,Цветочный ряд,да,реализация непродовольственных товаров,"город Москва, 9-я Парковая улица, дом 15/68",район Измайлово,Восточный административный округ,37.79884754630949,55.79284000898391,1914773.2686875858,6420932.202915655
160,1162,30950,30950,Ирис,Магазин «Цветы»,Ирис,да,реализация непродовольственных товаров,"город Москва, Никитский бульвар, дом 25",Пресненский район,Центральный административный округ,37.59809062556342,55.75690962818502,1903919.6196062954,6412843.363700502
161,1169,31158,31158,Цветочный ряд,Магазин «Цветы»,Цветочный ряд,да,реализация непродовольственных товаров,"город Москва, Сокольническая площадь, дом 4, корпус 1-2",район Сокольники,Восточный административный округ,37.676725629535476,55.78994487959962,1907468.8074591719,6418050.968850425
162,1181,31425,31425,Много цветов,Магазин «Цветы»,Много цветов,да,реализация непродовольственных товаров,"город Москва, Мясницкий проезд, дом 2/1",Басманный район,Центральный административный округ,37.64605228147192,55.76836522700807,1906408.8286043282,6415082.255942688
163,1183,31503,31503,Во имя розы,Магазин «Цветы»,Во имя розы,да,реализация непродовольственных товаров,"город Москва, Камергерский переулок, дом 3, строение 1",Тверской район,Центральный административный округ,37.61292765237558,55.76037103731542,1904692.972242226,6413526.894271611
164,1185,31519,31519,Мосцветторг,Магазин «Цветы»,Мосцветторг,да,реализация непродовольственных товаров,"город Москва, Комсомольский проспект, дом 28",район Хамовники,Центральный административный округ,37.57973078046537,55.726989551022385,1903912.294416524,6409234.093952391
165,1194,31898,31898,Цветочный Ряд,Магазин «Цветы»,Цветочный ряд,да,реализация непродовольственных товаров,"город Москва, проезд Стратонавтов, дом 7, корпус 2",район Покровское-Стрешнево,Северо-Западный административный округ,37.4378680415017,55.8267231570844,1891606.9470303538,6417032.9059583675
166,1208,32380,32380,Много цветов,Магазин «Цветы»,Много цветов,да,реализация непродовольственных товаров,"город Москва, 3-й Автозаводский проезд, дом 4",Даниловский район,Южный административный округ,37.65496794013943,55.70658899843515,1909247.4595142645,6408611.124928238
167,1230,32685,32685,Просто цветы,Магазин «Цветы»,Просто цветы,да,реализация непродовольственных товаров,"город Москва, Мясницкая улица, дом 30/1/2, строение 2",Басманный район,Центральный административный округ,37.63891339805468,55.765140721244364,1906094.938114296,6414585.140149752
168,1232,32723,32723,Мосцветторг,Магазин «Цветы»,Мосцветторг,да,реализация непродовольственных товаров,"город Москва, Нахимовский проспект, дом 50",Академический район,Юго-Западный административный округ,37.559046949820655,55.68071529268242,1904366.318488001,6403812.648303677
169,1239,32815,32815,Ирис,Магазин «Цветы»,Ирис,да,реализация непродовольственных товаров,"город Москва, Ленинский проспект, дом 24",Донской район,Южный административный округ,37.590269221667405,55.71472330712793,1905008.083774261,6408132.157944082
170,1242,32867,32867,Цветочный ряд,Магазин «Цветы»,Цветочный ряд,да,реализация непродовольственных товаров,"город Москва, улица Мастеркова, дом 3",Даниловский район,Южный административный округ,37.65845693087973,55.708695315886146,1909381.487419584,6408911.383488345
171,1258,33121,33121,Цветочный ряд,Магазин «Цветы»,Цветочный ряд,да,реализация непродовольственных товаров,"город Москва, Северный бульвар, дом 2",район Отрадное,Северо-Восточный административный округ,37.60724318759763,55.86490605735348,1900466.421411544,6424674.06103175
172,1260,33131,33131,Цветы мира,Магазин «Цветы»,Цветы мира,да,реализация непродовольственных товаров,"город Москва, улица Серпуховский Вал, дом 13",Даниловский район,Южный административный округ,37.614353936667314,55.71116196302623,1906605.9042463426,6408252.461695561
173,1267,33220,33220,Цветочный ряд,Магазин «Цветы»,Цветочный ряд,да,реализация непродовольственных товаров,"город Москва, Большая Тульская улица, дом 2",Даниловский район,Южный административный округ,37.62072164048302,55.709634361919015,1907050.127724751,6408221.200484103
174,1268,33234,33234,Цветочный ряд,Магазин «Цветы»,Цветочный ряд,да,реализация непродовольственных товаров,"город Москва, улица Дмитрия Ульянова, дом 16, корпус 1",Академический район,Юго-Западный административный округ,37.569884753746464,55.68846086096968,1904739.8374768563,6404874.380737736
175,1269,33243,33243,Мосцветторг,Магазин «Цветы»,Мосцветторг,да,реализация непродовольственных товаров,"город Москва, Уральская улица, дом 1",район Гольяново,Восточный административный округ,37.797942880559894,55.811649837821655,1914013.9539812515,6422939.141776
176,1287,33557,33557,МОСЦВЕТТОРГ,Магазин «Цветы»,Мосцветторг,да,реализация непродовольственных товаров,"город Москва, Долгоруковская улица, дом 40",Тверской район,Центральный административный округ,37.602042368283655,55.778592753268974,1903355.326697709,6415263.182391772
177,1290,33584,33584,Магазин «Мосцветторг»,Магазин «Цветы»,Мосцветторг,да,реализация непродовольственных товаров,"город Москва, Чертановская улица, дом 1В, корпус 1",район Чертаново Северное,Южный административный округ,37.60798954927765,55.63938333824668,1908880.1060798413,6400380.82982022
178,1294,33734,33734,Мосцветторг,Магазин «Цветы»,Мосцветторг,да,реализация непродовольственных товаров,"город Москва, улица Тёплый Стан, дом 7",район Тёплый Стан,Юго-Западный административный округ,37.49635881463463,55.62245447571058,1902695.594512709,6396220.5470644375
179,1296,33769,33769,Мосцветторг,Магазин «Цветы»,Мосцветторг,да,реализация непродовольственных товаров,"город Москва, Соколово-Мещерская улица, дом 29",район Куркино,Северо-Западный административный округ,37.384798940961296,55.90527121832515,1885497.7532353785,6424403.980688504
180,1304,33942,33942,Цветочный ряд,Магазин «Цветы»,Цветочный ряд,да,реализация непродовольственных товаров,"город Москва, улица Лескова, дом 2",район Бибирево,Северо-Восточный административный округ,37.59021361625749,55.8977292233229,1898215.9771006156,6427855.575500955
181,1315,34181,34181,Мосцветторг,Магазин «Цветы»,Мосцветторг,да,реализация непродовольственных товаров,"город Москва, Профсоюзная улица, дом 39",район Черёмушки,Юго-Западный административный округ,37.55606150310058,55.670832177265645,1904550.028867284,6402684.589604875
182,1317,34269,34269,МОСЦВЕТТОРГ,Магазин «Цветы»,Мосцветторг,да,реализация непродовольственных товаров,"город Москва, 1-я Тверская-Ямская улица, дом 29, строение 3",Тверской район,Центральный административный округ,37.585147222745626,55.7757326121794,1902435.0289368925,6414601.701746351
183,1338,34828,34828,МНОГО ЦВЕТОВ,Магазин «Цветы»,Много цветов,да,реализация непродовольственных товаров,"город Москва, улица Менжинского, дом 38, корпус 2, строение 2",Бабушкинский район,Северо-Восточный административный округ,37.66062891356628,55.870667960679434,1903486.6369936862,6426411.360154621
184,1353,35287,35287,Мосцветторг,Магазин «Цветы»,Мосцветторг,да,реализация непродовольственных товаров,"город Москва, Ленинский проспект, дом 82/2",Ломоносовский район,Юго-Западный административный округ,37.53406707615913,55.68120529462964,1902826.3383770909,6403343.598053621
185,1355,35421,35421,Много цветов,Магазин «Цветы»,Много цветов,да,реализация непродовольственных товаров,"город Москва, Свободный проспект, дом 20А",район Новогиреево,Восточный административный округ,37.81640194207026,55.7512819295661,1917395.698009341,6416826.382776661
186,1361,35763,35763,Просто цветы,Магазин «Цветы»,Просто цветы,да,реализация непродовольственных товаров,"город Москва, Осенний бульвар, дом 14А",район Крылатское,Западный административный округ,37.408586670009434,55.75960427961528,1892298.3149493982,6409187.5739464685
187,1363,35793,35793,Цветочный ряд,Магазин «Цветы»,Цветочный ряд,да,реализация непродовольственных товаров,"Тушинская улица, дом 16, строение 2",район Покровское-Стрешнево,Северо-Западный административный округ,37.44366732718344,55.82753474471453,1891929.0240334158,6417240.70008406
188,1370,35993,35993,Магазин «Просто цветы»,Магазин «Цветы»,Просто цветы,да,реализация непродовольственных товаров,"город Москва, Кировоградская улица, дом 12, корпус 2",район Чертаново Северное,Южный административный округ,37.60866952716314,55.62391862253292,1909494.7803528518,6398727.692790053
189,1374,36101,36101,Цветочная база «МОСЦВЕТТОРГ»,Магазин «Цветы»,Мосцветторг,да,реализация непродовольственных товаров,"город Москва, Большая Тульская улица, дом 46",Донской район,Южный административный округ,37.620950363332156,55.70503624776382,1907234.698915184,6407730.335875762
190,1384,36576,36576,Цветочная база «Мосцветторг»,Магазин «Цветы»,Мосцветторг,да,реализация непродовольственных товаров,"город Москва, Варшавское шоссе, дом 9, строение 1",Донской район,Южный административный округ,37.624965062873365,55.699923092644816,1907668.85704754,6407263.299291292
191,1394,37243,37243,Цветы,Магазин «Цветы»,Цветы мира,да,реализация непродовольственных товаров,"город Москва, Алтуфьевское шоссе, дом 83",район Лианозово,Северо-Восточный административный округ,37.585466041835474,55.89052047386377,1898196.1115423727,6426979.730639272
192,1398,37282,37282,Мосцветторг,Магазин «Цветы»,Мосцветторг,да,реализация непродовольственных товаров,"город Москва, улица Маршала Бирюзова, дом 16",район Щукино,Северо-Западный административный округ,37.491709793339744,55.794761269861915,1896054.9322795826,6414704.972248487
193,1401,37330,37330,Цветочный ряд,Магазин «Цветы»,Цветочный ряд,да,реализация непродовольственных товаров,"город Москва, 2-й Войковский проезд, дом 2/11",Войковский район,Северный административный округ,37.496794150825984,55.81763808722476,1895518.7721202997,6417277.159031928
194,1410,37544,37544,Мосцветторг,Магазин «Цветы»,Мосцветторг,да,реализация непродовольственных товаров,"город Москва, улица Красина, дом 9, строение 2",Пресненский район,Центральный административный округ,37.587432000000014,55.76684276056197,1902903.461649541,6413691.204978243
195,1413,37565,37565,Мосцветторг,Магазин «Цветы»,Мосцветторг,да,реализация непродовольственных товаров,"город Москва, улица Куусинена, дом 1",Хорошёвский район,Северный административный округ,37.5164226394314,55.77837127128336,1898161.7415507338,6413452.29394624
196,1414,37603,37603,Мосцветторг,Магазин «Цветы»,Мосцветторг,да,реализация непродовольственных товаров,"город Москва, Ленинградское шоссе, дом 19",Войковский район,Северный административный округ,37.49439245036249,55.82224979872671,1895202.6474874225,6417724.400397171
197,1438,37958,37958,Цветочный Ряд,Магазин «Цветы»,Цветочный ряд,да,реализация непродовольственных товаров,"город Москва, Хорошёвское шоссе, дом 88",Хорошёвский район,Северный административный округ,37.51623918579768,55.77778326894668,1898172.3265760625,6413385.0780722285
198,1450,38138,38138,Цветочный ряд,Магазин «Цветы»,Цветочный ряд,да,реализация непродовольственных товаров,"город Москва, Строгинский бульвар, дом 7, корпус 1",район Строгино,Северо-Западный административный округ,37.3997195969834,55.80638224779678,1890039.392868929,6414048.841114247
199,1470,38344,38344,Сеть цветочных супермаркетов «Цветочный ряд»,Магазин «Цветы»,Цветочный ряд,да,реализация непродовольственных товаров,"город Москва, улица Академика Янгеля, дом 2",район Чертаново Южное,Южный административный округ,37.599302,55.59608171131218,1909954.3980182088,6395529.6898609735
200,1497,38614,38614,МОСЦВЕТТОРГ,Магазин «Цветы»,Мосцветторг,да,реализация непродовольственных товаров,"город Москва, проспект Вернадского, дом 41, строение 3",район Проспект Вернадского,Западный административный округ,37.503850000000014,55.67442373381379,1901235.5215646548,6401981.759663433
201,1506,38930,38930,Мосцветторг,Магазин «Цветы»,Мосцветторг,да,реализация непродовольственных товаров,"город Москва, Комсомольский проспект, дом 7, строение 2",район Хамовники,Центральный административный округ,37.591962,55.73134775026288,1904494.8452683862,6409959.719122892
202,1511,39516,39516,Росцветторг,Магазин «Цветы»,Росцветторг,да,реализация непродовольственных товаров,"город Москва, улица Добролюбова, дом 7А",Бутырский район,Северо-Восточный административный округ,37.59999884183235,55.81398731016753,1901917.737559139,6419035.284446185
203,1517,39954,39954,Цветочный ряд,Магазин «Цветы»,Цветочный ряд,да,реализация непродовольственных товаров,"город Москва, Новоясеневский проспект, дом 2, строение 2",район Ясенево,Юго-Западный административный округ,37.506828000000006,55.6174777174419,1903518.1290302703,6395902.248243876
204,1526,41017,41017,Мосцветторг,Магазин «Цветы»,Мосцветторг,да,реализация непродовольственных товаров,"город Москва, Ленинградский проспект, дом 74А",район Аэропорт,Северный административный округ,37.51683600000001,55.80693277223335,1897131.067409884,6416540.104362638
205,1534,41152,41152,Цветы мира,Магазин «Цветы»,Цветы мира,да,реализация непродовольственных товаров,"город Москва, улица Героев Панфиловцев, дом 16, корпус 1",район Северное Тушино,Северо-Западный административный округ,37.42407,55.85881178739822,1889587.798149051,6420206.90981523
206,1553,41459,41459,Мосцветторг,Магазин «Цветы»,Мосцветторг,да,реализация непродовольственных товаров,"город Москва, Рублёвское шоссе, дом 48/1",район Крылатское,Западный административный округ,37.405728,55.75402175683815,1892329.6944830231,6408526.201380511
207,1555,41481,41481,Во имя розы,Магазин «Цветы»,Во имя розы,да,реализация непродовольственных товаров,"город Москва, Краснопрудная улица, дом 13",Красносельский район,Центральный административный округ,37.666943,55.7809857646747,1907208.3246780173,6416880.332056765
208,1603,42219,42219,Мосцветторг,Магазин «Цветы»,Мосцветторг,да,реализация непродовольственных товаров,"город Москва, улица Мнёвники, дом 7, корпус 1",район Хорошёво-Мнёвники,Северо-Западный административный округ,37.49259693730511,55.77184211279333,1896955.011730176,6412252.282350222
209,1614,42396,42396,Много цветов,Магазин «Цветы»,Много цветов,да,реализация непродовольственных товаров,"город Москва, Россошанская улица, дом 2, корпус 1",район Чертаново Южное,Южный административный округ,37.60803899999999,55.59400971071921,1910564.6283114238,6395489.535596115
210,1641,42802,42802,Цветочный ряд,Магазин «Цветы»,Цветочный ряд,да,реализация непродовольственных товаров,"город Москва, Шипиловский проезд, дом 39, корпус 1",район Орехово-Борисово Северное,Южный административный округ,37.69675330528842,55.611331624966745,1915336.3225651032,6399221.892677837
211,1644,42822,42822,Во имя розы,Магазин «Цветы»,Во имя розы,да,реализация непродовольственных товаров,"город Москва, Никитский бульвар, дом 8",Пресненский район,Центральный административный округ,37.60129100000001,55.75429875691854,1904211.0048610976,6412628.882188928
212,1647,42842,42842,Мосцветторг,Магазин «Цветы»,Мосцветторг,да,реализация непродовольственных товаров,"город Москва, Сокольническая площадь, дом 9",район Сокольники,Восточный административный округ,37.68080700000001,55.790319767391786,1907702.6330543,6418177.0027793925
213,1669,43248,43248,Цветочный ряд,Магазин «Цветы»,Цветочный ряд,да,реализация непродовольственных товаров,"город Москва, проспект Вернадского, дом 39",район Проспект Вернадского,Западный административный округ,37.50513100000001,55.67582873421875,1901261.7387942546,6402159.992963607
214,1675,43653,43653,Цветочный ряд,Магазин «Цветы»,Цветочный ряд,да,реализация непродовольственных товаров,"город Москва, город Зеленоград, корпус 1004Б",район Силино,Зеленоградский административный округ,37.177676819426296,55.983755003233206,1870088.123393776,6428612.53924619
215,1702,46400,46400,Цветы мира,Магазин «Цветы»,Цветы мира,да,реализация непродовольственных товаров,"город Москва, улица Адмирала Макарова, дом 6, строение 13",Войковский район,Северный административный округ,37.49067099999999,55.83497878042294,1894506.6575962072,6419019.324545861
216,1707,46696,46696,Мосцветторг,Магазин «Цветы»,Мосцветторг,да,реализация непродовольственных товаров,"город Москва, Ленинградское шоссе, дом 14, строение 1",Войковский район,Северный административный округ,37.49820099999997,55.82065877623887,1895492.5737181562,6417632.077632965
217,1714,46965,46965,Цветочный ряд,Магазин «Цветы»,Цветочный ряд,да,реализация непродовольственных товаров,"город Москва, Ореховый бульвар, дом 49Д",район Зябликово,Южный административный округ,37.74775700000001,55.61458171661154,1918326.78242816,6400647.613775923
218,1726,47559,47559,Во имя розы,Магазин «Цветы»,Во имя розы,да,реализация непродовольственных товаров,"город Москва, Большая Тульская улица, дом 13",Даниловский район,Южный административный округ,37.622107,55.708772743729476,1907166.4207880888,6408157.352315723
219,1740,47901,47901,Много цветов,Магазин «Цветы»,Много цветов,да,реализация непродовольственных товаров,"город Москва, бульвар Энтузиастов, дом 2",Таганский район,Центральный административный округ,37.682743,55.74642375463329,1909454.8752395704,6413487.43211297
220,1744,47968,47968,Просто цветы,Магазин «Цветы»,Просто цветы,да,реализация непродовольственных товаров,"город Москва, Пресненская набережная, дом 2",Пресненский район,Центральный административный округ,37.53947052910406,55.74904096521795,1900647.1930051062,6410770.571300412
221,1796,49397,49397,Цветочный ряд,Магазин «Цветы»,Цветочный ряд,да,реализация непродовольственных товаров,"город Москва, Азовская улица, дом 24, корпус 2",район Зюзино,Юго-Западный административный округ,37.59594600000001,55.6515327272226,1907695.524412812,6401438.346958465
222,1798,49656,49656,Цветочный ряд,Магазин «Цветы»,Цветочный ряд,да,реализация непродовольственных товаров,"город Москва, Дубравная улица, дом 35",район Митино,Северо-Западный административный округ,37.35804699031972,55.84423140215414,1886118.8614957684,6417268.910214447
223,1800,49660,49660,Цветочный ряд,Магазин «Цветы»,Цветочный ряд,да,реализация непродовольственных товаров,"город Москва, Лермонтовский проспект, дом 10, корпус 1",район Выхино-Жулебино,Юго-Восточный административный округ,37.85186099999999,55.70059774136681,1921451.159602469,6412116.88640463
224,1818,50131,50131,Мосцветторг,Магазин «Цветы»,Мосцветторг,да,реализация непродовольственных товаров,"город Москва, Привольная улица, дом 65/32",район Выхино-Жулебино,Юго-Восточный административный округ,37.84822099999999,55.68195573598548,1921928.732385759,6410031.634962848
225,1829,51134,51134,Мосцветторг,Магазин «Цветы»,Мосцветторг,да,реализация непродовольственных товаров,"город Москва, Осенний бульвар, дом 10",район Крылатское,Западный административный округ,37.40896400000001,55.75779975793501,1892387.6136427154,6409000.771641388
226,1871,52878,52878,Мосцветторг,Магазин «Цветы»,Мосцветторг,да,реализация непродовольственных товаров,"город Москва, Большая Черкизовская улица, дом 5А",район Преображенское,Восточный административный округ,37.718781,55.79734376943793,1909745.8600249682,6419731.332204034
227,1872,52879,52879,Мосцветторг,Магазин «Цветы»,Мосцветторг,да,реализация непродовольственных товаров,"город Москва, Зубовский бульвар, дом 11А",район Хамовники,Центральный административный округ,37.59285,55.7355417514781,1904393.3706828156,6410430.403337924
228,1893,53867,53867,Цветочная база «Мосцветторг»,Магазин «Цветы»,Мосцветторг,да,реализация непродовольственных товаров,"город Москва, Варшавское шоссе, дом 143А",район Чертаново Южное,Южный административный округ,37.599278000000005,55.5839327078369,1910402.8672474315,6394219.123403788
229,1897,53896,53896,Росцветторг,Магазин «Цветы»,Росцветторг,да,реализация непродовольственных товаров,"город Москва, Покровская улица, дом 21",район Некрасовка,Юго-Восточный административный округ,37.92978800000001,55.70155874164446,1926154.7991912381,6413873.82290017
230,1930,55029,55029,Мосцветторг,Магазин «Цветы»,Мосцветторг,да,реализация непродовольственных товаров,"город Москва, Осенний бульвар, дом 5, корпус 1",район Крылатское,Западный административный округ,37.40712200000001,55.75691575767833,1892308.0867149804,6408867.237418562
231,1945,56338,56338,Мосцветторг,Магазин «Цветы»,Мосцветторг,да,реализация непродовольственных товаров,"город Москва, Преображенская площадь, дом 6",район Преображенское,Восточный административный округ,37.7116509901118,55.7947055592278,1909411.527295009,6419297.246541876
232,1951,57045,57045,Цветы Мосцветторг,Магазин «Цветы»,Мосцветторг,да,реализация непродовольственных товаров,"город Москва, Волгоградский проспект, дом 111",район Кузьминки,Юго-Восточный административный округ,37.75971100000001,55.70672774313829,1915615.7839103455,6410829.73152281
233,1952,57046,57046,Мосцветторг,Магазин «Цветы»,Мосцветторг,да,реализация непродовольственных товаров,"город Москва, Ярцевская улица, дом 34, корпус 1",район Кунцево,Западный административный округ,37.419005,55.74223275341778,1893570.8911633568,6407530.058302145
234,1953,57244,57244,Просто цветы,Магазин «Цветы»,Просто цветы,да,реализация непродовольственных товаров,"город Москва, улица Хлобыстова, дом 9",район Выхино-Жулебино,Юго-Восточный административный округ,37.815954999999995,55.71614074586039,1918684.7892225462,6413031.444237578
235,1958,58040,58040,Мосцветторг. Цветочная база,Магазин «Цветы»,Мосцветторг,да,реализация непродовольственных товаров,"город Москва, Лермонтовский проспект, дом 6",район Выхино-Жулебино,Юго-Восточный административный округ,37.848337,55.7024587419045,1921167.001745411,6412242.719677169
236,1959,58069,58069,Мосцветторг цветочная база,Магазин «Цветы»,Мосцветторг,да,реализация непродовольственных товаров,"город Москва, Ореховый бульвар, дом 15, строение 3",район Орехово-Борисово Северное,Южный административный округ,37.720188,55.61334071625576,1916691.2713759684,6399932.264406861
237,1967,58377,58377,Мосцветторг,Магазин «Цветы»,Мосцветторг,да,реализация непродовольственных товаров,"город Москва, проспект Маршала Жукова, дом 59",район Хорошёво-Мнёвники,Северо-Западный административный округ,37.4578974480305,55.77774601442752,1894628.3012458882,6412167.419419215
